000000
000001
000002
000003
000004
000005
000006
000007
000008
000010
000011
000012
000014
000015
000016
000017
000018
000019
000020
000021
000022
000024
000026
000027
000028
000029
000030
000031
000032
000033
000035
000036
000037
000038
000039
000040
000041
000042
000043
000044
000045
000046
000047
000048
000050
000052
000053
000054
000056
000058
000060
000061
000062
000064
000066
000067
000068
000070
000071
000072
000073
000074
000075
000076
000077
000079
000080
000081
000082
000083
000084
000086
000088
000089
000091
000092
000094
000095
000096
000097
000098
000099
000100
000101
000102
000103
000105
000106
000107
000108
000109
000110
000112
000113
000114
000115
000116
000117
000118
000119
000120
000121
000123
000124
000125
000126
000127
000128
000129
000131
000132
000133
000136
000137
000139
000142
000143
000145
000147
000148
000149
000151
000152
000154
000155
000156
000159
000160
000161
000163
000164
000166
000167
000168
000169
000170
000171
000173
000174
000175
000176
000177
000179
000180
000181
000182
000183
000184
000186
000187
000188
000189
000190
000191
000192
000193
000194
000196
000197
000198
000200
000203
000204
000205
000206
000207
000208
000209
000210
000211
000212
000213
000214
000215
000217
000218
000219
000221
000222
000223
000224
000225
000226
000227
000229
000230
000231
000232
000233
000234
000237
000239
000241
000242
000243
000244
000246
000247
000249
000250
000251
000253
000254
000255
000256
000257
000258
000259
000261
000263
000264
000265
000266
000267
000268
000269
000270
000271
000272
000274
000275
000276
000277
000278
000279
000282
000283
000284
000286
000287
000288
000289
000290
000291
000293
000294
000295
000298
000299
000301
000302
000303
000304
000305
000306
000308
000310
000311
000312
000313
000314
000315
000316
000317
000318
000319
000320
000321
000322
000324
000325
000326
000329
000330
000331
000332
000334
000335
000336
000337
000339
000342
000343
000345
000346
000347
000348
000349
000350
000351
000355
000356
000359
000360
000361
000362
000363
000364
000366
000367
000368
000369
000370
000371
000372
000373
000374
000375
000376
000377
000380
000382
000383
000384
000385
000386
000388
000389
000390
000391
000392
000393
000394
000396
000397
000398
000400
000401
000402
000404
000405
000406
000407
000408
000409
000410
000411
000412
000413
000414
000415
000417
000418
000419
000420
000421
000422
000423
000424
000425
000426
000427
000430
000431
000432
000433
000434
000435
000436
000437
000438
000439
000440
000441
000442
000443
000444
000447
000448
000449
000450
000451
000453
000454
000455
000456
000457
000459
000460
000461
000462
000463
000465
000466
000467
000468
000469
000471
000472
000473
000474
000477
000478
000479
000480
000481
000482
000483
000485
000486
000487
000488
000489
000490
000491
000492
000493
000494
000496
000503
000505
000506
000507
000508
000509
000511
000512
000513
000514
000515
000516
000517
000518
000519
000521
000522
000523
000524
000525
000526
000527
000529
000530
000532
000533
000535
000536
000537
000538
000539
000540
000541
000542
000544
000545
000546
000547
000548
000549
000550
000551
000552
000553
000554
000555
000556
000557
000558
000559
000561
000562
000563
000566
000567
000569
000570
000573
000574
000576
000580
000582
000583
000584
000585
000586
000587
000588
000589
000590
000591
000592
000594
000595
000596
000597
000598
000599
000600
000601
000602
000603
000604
000606
000607
000608
000609
000611
000614
000615
000618
000619
000620
000622
000623
000624
000625
000626
000627
000628
000629
000630
000631
000632
000633
000634
000635
000636
000637
000638
000639
000640
000642
000643
000644
000645
000646
000647
000648
000650
000651
000652
000654
000656
000658
000659
000660
000663
000667
000668
000669
000670
000671
000673
000674
000675
000676
000677
000678
000679
000680
000681
000682
000683
000684
000685
000686
000687
000688
000690
000692
000693
000694
000695
000696
000697
000699
000700
000702
000703
000704
000707
000708
000709
000710
000711
000714
000715
000716
000717
000718
000719
000720
000721
000722
000723
000725
000726
000727
000728
000729
000730
000731
000732
000733
000737
000738
000739
000740
000741
000742
000744
000745
000746
000747
000748
000750
000752
000753
000754
000755
000756
000758
000759
000760
000761
000762
000763
000764
000765
000766
000768
000769
000772
000773
000774
000775
000776
000778
000779
000780
000782
000783
000784
000785
000786
000787
000788
000790
000793
000794
000796
000797
000799
000800
000801
000802
000803
000805
000806
000807
000808
000809
000811
000812
000813
000816
000817
000818
000821
000822
000823
000824
000825
000826
000827
000828
000829
000830
000831
000832
000834
000835
000836
000837
000838
000839
000840
000841
000842
000843
000844
000845
000846
000847
000849
000850
000851
000852
000855
000856
000857
000858
000859
000860
000861
000862
000863
000864
000866
000867
000868
000869
000870
000871
000873
000874
000875
000876
000877
000878
000879
000880
000881
000882
000884
000886
000887
000889
000890
000891
000892
000893
000894
000895
000896
000897
000898
000899
000900
000902
000903
000904
000907
000908
000909
000910
000911
000913
000914
000915
000916
000917
000920
000921
000922
000923
000925
000926
000927
000928
000929
000930
000931
000932
000933
000934
000936
000937
000938
000939
000940
000943
000944
000945
000946
000947
000948
000949
000950
000951
000953
000956
000958
000959
000960
000962
000964
000965
000966
000967
000968
000969
000970
000971
000972
000973
000974
000975
000976
000977
000978
000980
000981
000982
000983
000984
000985
000987
000988
000989
000990
000991
000992
000993
000994
000995
000997
000998
000999
001000
001001
001002
001003
001004
001005
001006
001007
001008
001009
001010
001011
001013
001014
001015
001016
001017
001018
001019
001020
001023
001024
001025
001026
001027
001028
001030
001032
001034
001035
001036
001037
001038
001040
001041
001042
001043
001044
001045
001046
001047
001048
001049
001050
001052
001053
001054
001057
001058
001059
001060
001061
001063
001064
001065
001066
001067
001068
001069
001071
001072
001073
001074
001075
001076
001077
001078
001080
001081
001082
001083
001086
001087
001088
001089
001090
001091
001092
001093
001095
001096
001098
001099
001100
001101
001102
001103
001104
001105
001106
001107
001108
001110
001111
001112
001113
001114
001115
001116
001118
001120
001121
001122
001124
001125
001126
001128
001129
001130
001132
001134
001135
001136
001137
001139
001140
001141
001143
001144
001145
001146
001147
001149
001150
001151
001152
001153
001155
001156
001157
001159
001160
001162
001163
001164
001165
001166
001167
001168
001169
001170
001171
001173
001174
001175
001176
001177
001178
001179
001180
001181
001182
001183
001186
001187
001189
001190
001193
001194
001195
001196
001197
001198
001200
001201
001204
001205
001206
001207
001208
001209
001210
001211
001212
001214
001216
001217
001219
001220
001221
001223
001224
001225
001228
001229
001232
001233
001234
001235
001236
001237
001238
001239
001240
001241
001242
001243
001244
001245
001247
001248
001249
001250
001253
001254
001256
001257
001258
001259
001260
001261
001262
001266
001268
001269
001270
001271
001272
001273
001274
001275
001276
001277
001278
001279
001281
001282
001284
001285
001287
001288
001289
001290
001292
001293
001294
001295
001296
001297
001298
001299
001300
001301
001303
001304
001306
001307
001308
001309
001310
001311
001312
001313
001314
001315
001316
001317
001318
001319
001320
001321
001322
001323
001324
001325
001326
001327
001328
001329
001330
001331
001332
001334
001335
001336
001337
001338
001340
001341
001342
001344
001345
001346
001347
001348
001349
001350
001351
001353
001354
001355
001356
001357
001358
001359
001360
001361
001362
001365
001366
001368
001369
001373
001374
001375
001376
001377
001378
001379
001380
001381
001382
001383
001384
001388
001389
001390
001391
001393
001394
001395
001396
001397
001398
001399
001400
001401
001402
001403
001404
001406
001407
001408
001409
001410
001411
001412
001413
001414
001415
001417
001418
001419
001420
001421
001422
001423
001424
001425
001426
001427
001429
001430
001431
001433
001434
001435
001436
001437
001438
001439
001440
001441
001443
001444
001445
001446
001447
001448
001449
001450
001452
001453
001454
001455
001456
001457
001458
001459
001461
001463
001465
001466
001467
001468
001470
001471
001472
001473
001474
001476
001477
001478
001479
001483
001484
001485
001486
001487
001488
001489
001490
001493
001495
001496
001498
001499
001501
001503
001505
001506
001509
001510
001511
001512
001513
001514
001515
001516
001517
001518
001519
001520
001521
001522
001523
001525
001526
001527
001528
001529
001530
001531
001532
001533
001535
001536
001538
001539
001542
001543
001544
001545
001546
001547
001548
001550
001551
001552
001553
001554
001555
001556
001557
001558
001559
001561
001562
001563
001564
001565
001566
001567
001568
001569
001570
001571
001572
001573
001574
001575
001576
001577
001578
001580
001581
001583
001584
001585
001586
001587
001588
001589
001590
001592
001593
001594
001596
001597
001598
001599
001600
001603
001604
001605
001606
001607
001608
001609
001610
001611
001612
001613
001614
001616
001617
001618
001620
001623
001624
001627
001628
001629
001630
001631
001632
001634
001635
001636
001639
001641
001642
001643
001644
001645
001646
001647
001648
001649
001651
001652
001654
001656
001658
001659
001660
001661
001662
001663
001664
001665
001666
001667
001668
001669
001670
001671
001672
001673
001675
001676
001677
001678
001680
001681
001682
001683
001686
001687
001689
001693
001694
001695
001696
001697
001698
001700
001701
001702
001703
001704
001705
001706
001707
001709
001711
001712
001713
001714
001717
001718
001719
001720
001721
001722
001723
001724
001725
001726
001727
001728
001730
001731
001734
001735
001736
001737
001738
001739
001740
001741
001742
001744
001745
001746
001747
001748
001749
001750
001753
001754
001755
001756
001757
001758
001759
001761
001762
001763
001764
001766
001769
001770
001772
001773
001774
001775
001776
001777
001778
001779
001780
001782
001783
001784
001786
001787
001788
001789
001790
001791
001792
001794
001795
001796
001797
001798
001799
001801
001802
001803
001804
001805
001806
001807
001808
001809
001810
001811
001812
001813
001814
001815
001816
001818
001819
001821
001823
001825
001826
001828
001829
001830
001831
001832
001833
001834
001835
001836
001837
001839
001840
001841
001842
001844
001845
001846
001848
001849
001850
001851
001853
001854
001855
001856
001858
001860
001861
001862
001863
001864
001867
001868
001869
001871
001873
001874
001875
001876
001877
001878
001881
001882
001884
001886
001887
001888
001889
001890
001891
001892
001894
001895
001896
001898
001900
001901
001904
001905
001906
001909
001910
001911
001912
001913
001914
001915
001916
001917
001918
001920
001921
001922
001923
001925
001926
001927
001928
001929
001930
001932
001933
001935
001936
001937
001938
001940
001941
001942
001944
001945
001946
001947
001948
001949
001950
001953
001954
001955
001956
001957
001958
001959
001960
001962
001963
001965
001967
001968
001969
001970
001971
001973
001974
001975
001976
001977
001978
001979
001981
001982
001983
001984
001985
001986
001987
001988
001989
001992
001994
001997
001998
001999
002000
002001
002002
002003
002004
002005
002007
002008
002009
002010
002011
002012
002013
002014
002015
002016
002017
002018
002020
002021
002022
002023
002024
002025
002026
002027
002030
002031
002032
002033
002034
002035
002036
002037
002038
002039
002040
002041
002042
002043
002044
002045
002046
002047
002049
002052
002053
002054
002055
002056
002057
002058
002060
002061
002063
002064
002066
002067
002071
002072
002073
002075
002077
002078
002079
002080
002081
002083
002084
002085
002087
002088
002089
002090
002091
002092
002093
002094
002096
002097
002098
002099
002101
002102
002104
002105
002106
002107
002108
002109
002110
002111
002113
002114
002115
002118
002119
002120
002122
002124
002126
002127
002128
002131
002132
002137
002138
002139
002140
002141
002142
002143
002144
002146
002147
002148
002149
002150
002151
002152
002153
002154
002155
002156
002157
002158
002159
002160
002161
002162
002163
002164
002165
002167
002169
002170
002171
002173
002174
002175
002176
002177
002178
002180
002184
002186
002187
002188
002189
002190
002191
002192
002193
002195
002196
002197
002198
002199
002200
002202
002203
002205
002206
002207
002208
002209
002210
002211
002213
002215
002216
002218
002220
002221
002222
002223
002224
002225
002226
002227
002228
002229
002230
002231
002232
002233
002234
002235
002236
002238
002239
002240
002241
002242
002243
002244
002245
002246
002247
002248
002249
002250
002251
002253
002254
002255
002256
002257
002258
002259
002260
002261
002263
002264
002266
002267
002268
002270
002272
002273
002274
002275
002276
002278
002281
002282
002283
002285
002287
002288
002289
002290
002291
002292
002293
002294
002296
002297
002298
002300
002301
002302
002303
002304
002305
002306
002307
002308
002309
002310
002311
002312
002313
002314
002315
002316
002317
002319
002320
002322
002323
002324
002326
002327
002328
002329
002330
002331
002332
002333
002334
002335
002336
002337
002339
002340
002341
002342
002343
002344
002345
002346
002348
002349
002350
002351
002352
002353
002354
002355
002357
002358
002359
002360
002361
002362
002363
002364
002366
002367
002368
002369
002371
002373
002374
002375
002376
002377
002379
002380
002381
002382
002383
002384
002385
002386
002387
002388
002389
002390
002391
002392
002393
002395
002397
002400
002401
002402
002403
002404
002405
002406
002407
002408
002409
002410
002411
002412
002414
002415
002416
002417
002418
002420
002421
002422
002423
002424
002425
002426
002432
002433
002434
002435
002436
002439
002440
002442
002444
002445
002446
002452
002453
002454
002456
002457
002459
002460
002461
002462
002463
002464
002465
002466
002467
002468
002469
002470
002471
002472
002473
002475
002476
002477
002478
002479
002480
002482
002483
002484
002485
002486
002487
002488
002489
002492
002493
002495
002496
002497
002498
002499
002500
002501
002502
002503
002504
002505
002506
002507
002509
002510
002511
002512
002513
002514
002515
002516
002517
002518
002519
002520
002521
002522
002524
002525
002528
002529
002530
002531
002532
002533
002534
002535
002536
002537
002538
002539
002540
002541
002542
002543
002544
002545
002546
002548
002550
002553
002554
002555
002556
002558
002559
002560
002561
002562
002563
002564
002565
002566
002567
002568
002569
002570
002573
002574
002575
002576
002577
002578
002579
002580
002581
002582
002583
002584
002585
002587
002588
002589
002590
002591
002593
002594
002595
002596
002597
002598
002600
002601
002602
002605
002606
002607
002608
002609
002610
002611
002613
002614
002616
002618
002620
002621
002623
002624
002626
002627
002628
002629
002630
002631
002632
002634
002635
002637
002638
002640
002641
002642
002643
002644
002645
002646
002647
002649
002650
002651
002652
002653
002655
002656
002657
002658
002659
002660
002661
002663
002664
002665
002666
002667
002668
002669
002672
002673
002674
002675
002676
002677
002678
002679
002680
002681
002684
002685
002686
002687
002688
002690
002691
002692
002694
002695
002696
002697
002698
002701
002702
002703
002704
002705
002707
002708
002710
002711
002712
002714
002715
002716
002717
002718
002719
002720
002721
002722
002723
002724
002725
002726
002727
002729
002730
002732
002733
002735
002736
002737
002739
002740
002741
002744
002745
002747
002750
002751
002753
002755
002756
002757
002758
002759
002760
002763
002764
002765
002766
002767
002768
002769
002770
002771
002772
002773
002774
002775
002776
002777
002778
002781
002782
002783
002784
002785
002786
002787
002788
002789
002792
002793
002794
002795
002796
002797
002798
002800
002801
002802
002803
002804
002805
002806
002807
002808
002809
002811
002812
002813
002814
002815
002816
002817
002818
002822
002824
002825
002826
002827
002828
002830
002831
002833
002835
002836
002837
002841
002842
002843
002844
002845
002846
002847
002848
002849
002850
002851
002852
002853
002854
002855
002856
002857
002858
002859
002860
002861
002863
002864
002865
002866
002867
002868
002870
002872
002873
002874
002875
002876
002878
002879
002880
002881
002882
002883
002884
002885
002887
002889
002890
002891
002893
002894
002895
002897
002898
002899
002900
002901
002902
002904
002905
002906
002907
002908
002910
002911
002912
002913
002914
002915
002916
002917
002919
002920
002922
002923
002924
002925
002927
002928
002929
002930
002931
002932
002934
002935
002936
002937
002938
002939
002940
002941
002943
002944
002945
002946
002947
002948
002949
002950
002951
002952
002953
002954
002955
002956
002957
002958
002959
002960
002962
002963
002964
002965
002966
002967
002969
002970
002971
002972
002974
002975
002976
002977
002978
002979
002980
002981
002982
002983
002984
002985
002986
002987
002988
002989
002990
002991
002993
002994
002995
002996
002999
003000
003002
003003
003004
003005
003006
003007
003008
003009
003010
003011
003012
003013
003014
003015
003016
003017
003018
003019
003021
003022
003023
003026
003027
003029
003030
003033
003034
003035
003036
003037
003038
003039
003040
003041
003042
003043
003044
003046
003047
003048
003049
003050
003051
003052
003053
003054
003055
003056
003057
003061
003062
003063
003064
003065
003066
003067
003068
003069
003071
003073
003074
003075
003076
003077
003079
003081
003082
003083
003084
003085
003086
003087
003088
003089
003090
003091
003092
003094
003095
003096
003097
003098
003099
003100
003101
003102
003103
003104
003105
003106
003107
003108
003113
003115
003117
003118
003119
003120
003121
003122
003123
003124
003125
003126
003127
003128
003129
003130
003131
003132
003133
003134
003135
003136
003137
003138
003139
003141
003142
003143
003145
003146
003147
003148
003149
003150
003151
003152
003153
003154
003155
003156
003157
003158
003159
003160
003161
003162
003163
003164
003165
003166
003167
003168
003169
003170
003171
003172
003173
003175
003176
003177
003178
003179
003181
003182
003183
003184
003185
003186
003187
003188
003189
003190
003192
003193
003194
003195
003196
003197
003201
003202
003203
003204
003205
003206
003207
003210
003211
003212
003213
003214
003215
003217
003218
003220
003221
003222
003223
003224
003225
003226
003227
003229
003230
003231
003232
003235
003236
003237
003238
003239
003240
003241
003242
003243
003244
003245
003246
003247
003248
003249
003251
003252
003253
003254
003255
003256
003257
003259
003261
003262
003264
003265
003269
003270
003271
003272
003273
003275
003277
003279
003281
003282
003285
003286
003287
003289
003291
003292
003293
003294
003295
003297
003298
003300
003301
003303
003304
003305
003306
003307
003308
003309
003310
003311
003312
003313
003314
003317
003318
003319
003320
003321
003322
003323
003324
003325
003326
003327
003328
003329
003330
003332
003333
003334
003335
003336
003337
003338
003341
003342
003343
003344
003345
003346
003348
003349
003350
003351
003352
003353
003354
003356
003357
003358
003359
003360
003361
003362
003363
003364
003367
003368
003369
003370
003372
003373
003374
003375
003376
003379
003380
003381
003382
003383
003384
003386
003388
003389
003390
003391
003392
003393
003394
003395
003396
003397
003398
003399
003400
003402
003404
003406
003407
003408
003409
003410
003411
003412
003413
003414
003415
003416
003418
003419
003420
003424
003428
003429
003430
003432
003433
003434
003435
003436
003437
003438
003440
003441
003442
003444
003445
003446
003447
003448
003449
003451
003453
003454
003455
003456
003457
003458
003459
003460
003461
003463
003464
003465
003466
003467
003468
003469
003470
003472
003474
003477
003478
003479
003480
003481
003482
003483
003484
003485
003486
003487
003488
003491
003493
003494
003495
003496
003497
003498
003499
003500
003501
003502
003504
003506
003507
003508
003510
003513
003514
003515
003517
003518
003519
003520
003521
003523
003524
003526
003527
003528
003529
003531
003532
003533
003534
003535
003536
003537
003538
003539
003540
003541
003542
003544
003545
003546
003547
003549
003550
003551
003552
003554
003555
003556
003557
003558
003559
003560
003562
003563
003564
003566
003567
003568
003569
003570
003571
003572
003573
003574
003578
003579
003580
003581
003582
003583
003585
003586
003587
003588
003589
003590
003591
003592
003593
003596
003597
003598
003599
003602
003604
003605
003606
003609
003610
003611
003612
003615
003616
003617
003618
003619
003620
003621
003622
003624
003625
003626
003627
003628
003629
003630
003631
003633
003634
003635
003636
003637
003639
003640
003641
003643
003644
003645
003646
003647
003648
003650
003651
003652
003653
003654
003655
003657
003658
003659
003660
003661
003662
003663
003664
003666
003667
003668
003669
003670
003671
003672
003673
003674
003675
003676
003677
003680
003681
003682
003683
003685
003689
003690
003691
003693
003694
003695
003696
003697
003699
003700
003702
003703
003704
003705
003707
003708
003709
003710
003711
003712
003713
003714
003715
003716
003717
003719
003720
003721
003722
003723
003724
003725
003727
003728
003730
003731
003733
003734
003735
003736
003737
003738
003739
003740
003742
003743
003745
003746
003747
003749
003750
003751
003752
003753
003754
003756
003757
003758
003759
003760
003762
003763
003764
003765
003766
003767
003768
003770
003771
003772
003773
003774
003775
003776
003778
003780
003781
003784
003785
003786
003787
003788
003789
003790
003791
003792
003793
003795
003798
003799
003800
003801
003804
003805
003806
003807
003808
003809
003811
003813
003815
003816
003817
003820
003822
003823
003824
003827
003828
003829
003830
003831
003832
003833
003834
003835
003836
003837
003838
003839
003840
003841
003842
003843
003845
003846
003848
003849
003850
003851
003852
003854
003855
003856
003858
003859
003860
003863
003864
003865
003866
003867
003868
003869
003870
003871
003872
003873
003874
003875
003876
003877
003878
003879
003880
003881
003882
003883
003884
003885
003887
003888
003889
003890
003891
003892
003893
003894
003895
003896
003897
003898
003899
003901
003902
003903
003904
003906
003907
003908
003910
003911
003912
003913
003914
003915
003916
003917
003919
003920
003921
003922
003923
003924
003925
003928
003930
003931
003932
003933
003934
003935
003936
003937
003938
003939
003942
003943
003945
003946
003947
003949
003950
003951
003953
003954
003956
003957
003958
003960
003961
003962
003963
003964
003966
003967
003969
003970
003971
003972
003973
003974
003975
003976
003978
003979
003980
003983
003984
003985
003986
003987
003988
003990
003991
003992
003994
003995
003996
003997
003998
003999
004000
004002
004004
004006
004007
004008
004009
004010
004011
004012
004013
004014
004017
004018
004019
004022
004023
004024
004025
004026
004029
004030
004031
004032
004033
004034
004035
004037
004038
004039
004040
004042
004043
004044
004045
004047
004048
004049
004050
004052
004053
004054
004055
004056
004058
004059
004060
004062
004063
004064
004065
004067
004068
004071
004072
004074
004075
004076
004077
004079
004080
004081
004082
004083
004084
004085
004086
004089
004090
004091
004092
004093
004094
004095
004100
004101
004103
004104
004106
004107
004108
004111
004112
004113
004114
004115
004116
004117
004119
004120
004122
004123
004125
004126
004128
004129
004131
004132
004135
004136
004137
004139
004141
004142
004143
004144
004145
004146
004147
004149
004154
004155
004156
004157
004158
004160
004161
004162
004163
004165
004166
004167
004168
004169
004170
004172
004173
004174
004175
004177
004183
004185
004186
004187
004188
004189
004190
004192
004193
004194
004195
004196
004197
004198
004200
004202
004204
004205
004206
004207
004208
004209
004210
004211
004212
004213
004214
004215
004216
004217
004218
004219
004221
004222
004223
004224
004227
004228
004229
004230
004231
004232
004235
004236
004237
004238
004240
004241
004242
004243
004246
004247
004248
004251
004253
004254
004255
004258
004259
004260
004261
004262
004265
004267
004268
004269
004270
004271
004272
004273
004274
004275
004277
004278
004279
004280
004281
004282
004283
004284
004285
004286
004289
004290
004291
004293
004294
004295
004296
004297
004298
004299
004300
004301
004302
004303
004304
004306
004307
004308
004309
004310
004311
004312
004313
004314
004315
004316
004317
004318
004319
004320
004321
004322
004323
004324
004325
004326
004327
004328
004329
004330
004331
004332
004333
004335
004337
004338
004339
004340
004341
004342
004343
004344
004345
004346
004348
004349
004351
004352
004354
004355
004356
004357
004358
004359
004360
004361
004364
004368
004369
004371
004372
004373
004374
004377
004378
004380
004381
004382
004384
004386
004387
004388
004392
004393
004394
004396
004397
004398
004399
004400
004402
004403
004404
004406
004407
004409
004410
004413
004414
004415
004416
004417
004418
004420
004421
004422
004424
004425
004428
004430
004431
004432
004433
004434
004435
004436
004439
004440
004442
004443
004444
004445
004446
004447
004448
004449
004450
004451
004452
004453
004454
004457
004458
004459
004460
004461
004462
004463
004464
004465
004466
004468
004469
004470
004472
004473
004474
004475
004477
004478
004479
004480
004481
004485
004486
004487
004488
004489
004490
004491
004492
004493
004494
004495
004496
004499
004500
004501
004502
004503
004504
004505
004506
004507
004508
004510
004511
004512
004513
004514
004515
004516
004517
004519
004520
004521
004522
004524
004525
004526
004527
004528
004529
004530
004531
004532
004533
004534
004535
004538
004539
004543
004544
004545
004546
004547
004550
004552
004553
004554
004556
004557
004558
004559
004560
004562
004563
004564
004565
004566
004568
004569
004570
004571
004572
004574
004576
004577
004578
004580
004582
004583
004585
004586
004587
004588
004589
004591
004592
004593
004594
004595
004596
004597
004598
004599
004601
004602
004603
004604
004605
004606
004608
004610
004611
004613
004614
004615
004616
004617
004618
004619
004620
004621
004622
004623
004624
004625
004626
004629
004630
004631
004632
004633
004634
004635
004636
004637
004638
004639
004640
004641
004642
004643
004644
004645
004646
004649
004651
004652
004654
004656
004657
004658
004659
004660
004661
004662
004663
004664
004666
004667
004668
004669
004670
004671
004672
004673
004674
004675
004676
004677
004679
004681
004682
004683
004684
004685
004686
004688
004690
004691
004692
004693
004694
004695
004696
004697
004698
004699
004700
004701
004702
004703
004707
004708
004709
004710
004711
004712
004713
004714
004715
004716
004717
004718
004719
004720
004721
004722
004723
004724
004725
004727
004729
004730
004732
004733
004734
004735
004736
004737
004738
004739
004740
004741
004742
004743
004744
004745
004746
004748
004749
004750
004751
004752
004753
004754
004755
004757
004758
004759
004761
004762
004763
004766
004767
004768
004769
004770
004772
004774
004775
004776
004777
004778
004779
004781
004782
004783
004784
004786
004787
004790
004791
004792
004793
004794
004795
004796
004797
004798
004799
004800
004801
004802
004803
004804
004805
004806
004807
004809
004810
004811
004813
004814
004816
004818
004819
004822
004823
004825
004826
004827
004828
004829
004830
004831
004832
004833
004834
004835
004836
004837
004840
004843
004844
004846
004847
004848
004849
004851
004852
004853
004854
004855
004857
004858
004859
004860
004861
004862
004863
004866
004867
004868
004869
004870
004871
004872
004873
004874
004875
004876
004877
004878
004881
004882
004883
004884
004885
004886
004888
004889
004890
004891
004893
004895
004896
004898
004899
004900
004901
004903
004905
004906
004907
004909
004910
004911
004913
004915
004916
004917
004918
004919
004920
004921
004922
004924
004925
004926
004927
004928
004929
004930
004931
004932
004934
004935
004937
004938
004939
004941
004942
004943
004944
004947
004948
004949
004950
004952
004953
004955
004957
004959
004960
004962
004963
004964
004965
004966
004967
004968
004969
004971
004972
004973
004974
004978
004979
004980
004981
004982
004984
004985
004986
004988
004989
004991
004992
004994
004995
004996
004997
004998
004999
005000
005001
005003
005004
005006
005008
005009
005011
005012
005013
005014
005015
005016
005017
005018
005021
005022
005023
005024
005025
005027
005028
005029
005030
005031
005032
005033
005037
005038
005039
005040
005041
005043
005045
005046
005047
005049
005050
005051
005052
005053
005055
005056
005057
005058
005060
005061
005062
005063
005064
005065
005066
005067
005068
005069
005070
005071
005072
005073
005076
005077
005078
005079
005080
005081
005082
005085
005086
005087
005088
005089
005091
005092
005093
005094
005095
005096
005098
005100
005101
005102
005103
005104
005105
005106
005107
005109
005110
005112
005113
005114
005115
005116
005117
005118
005119
005120
005121
005122
005124
005125
005126
005128
005129
005130
005133
005134
005135
005136
005137
005140
005141
005143
005144
005145
005146
005147
005148
005149
005150
005151
005153
005154
005155
005156
005157
005158
005159
005160
005161
005162
005163
005165
005167
005169
005171
005172
005173
005176
005177
005179
005180
005181
005182
005183
005184
005185
005187
005188
005190
005191
005192
005193
005196
005201
005202
005204
005205
005206
005207
005208
005209
005210
005211
005212
005213
005214
005216
005217
005218
005219
005220
005221
005222
005224
005225
005226
005227
005228
005229
005230
005231
005232
005233
005234
005236
005237
005238
005240
005241
005242
005243
005244
005245
005247
005248
005249
005250
005251
005252
005253
005255
005256
005257
005258
005259
005260
005261
005262
005264
005266
005267
005268
005269
005270
005271
005273
005274
005276
005277
005278
005279
005280
005281
005282
005283
005284
005285
005286
005287
005288
005289
005290
005291
005292
005293
005294
005295
005296
005297
005298
005299
005300
005301
005302
005304
005305
005306
005307
005308
005309
005310
005311
005313
005314
005315
005317
005318
005319
005320
005321
005322
005324
005326
005327
005328
005333
005335
005336
005338
005339
005340
005342
005343
005344
005345
005346
005347
005348
005349
005350
005351
005353
005354
005355
005356
005357
005359
005360
005362
005363
005364
005365
005367
005370
005371
005372
005373
005374
005376
005377
005378
005379
005380
005381
005382
005383
005385
005386
005388
005389
005390
005392
005393
005394
005395
005396
005397
005398
005399
005401
005402
005405
005406
005409
005410
005411
005412
005413
005414
005415
005416
005417
005418
005419
005420
005421
005422
005423
005424
005426
005427
005428
005430
005431
005432
005433
005434
005435
005436
005437
005438
005439
005441
005442
005444
005445
005446
005447
005448
005449
005452
005453
005454
005455
005456
005457
005458
005459
005460
005461
005462
005463
005464
005465
005466
005467
005468
005469
005470
005472
005473
005474
005475
005476
005478
005479
005481
005482
005483
005484
005485
005486
005488
005490
005491
005492
005493
005494
005495
005497
005499
005500
005501
005502
005504
005507
005508
005510
005511
005512
005514
005515
005517
005518
005519
005521
005523
005524
005525
005526
005527
005528
005529
005530
005531
005532
005533
005534
005535
005536
005537
005538
005539
005541
005542
005543
005545
005546
005547
005549
005550
005553
005554
005557
005558
005559
005561
005562
005563
005564
005566
005567
005568
005569
005570
005571
005572
005573
005574
005576
005578
005579
005580
005581
005582
005584
005589
005591
005592
005594
005596
005597
005598
005599
005600
005602
005603
005605
005606
005607
005608
005609
005612
005613
005614
005615
005616
005617
005618
005619
005620
005621
005622
005623
005624
005626
005627
005628
005630
005632
005634
005635
005636
005637
005638
005639
005640
005642
005644
005645
005646
005647
005648
005649
005650
005651
005652
005653
005654
005655
005656
005657
005659
005660
005661
005662
005664
005665
005666
005667
005668
005669
005671
005672
005674
005675
005676
005677
005678
005679
005681
005682
005686
005687
005688
005689
005690
005691
005692
005693
005694
005695
005696
005698
005699
005700
005702
005703
005704
005705
005706
005707
005708
005709
005710
005711
005712
005713
005714
005715
005716
005717
005718
005719
005720
005721
005722
005724
005726
005727
005729
005730
005731
005732
005734
005735
005736
005738
005739
005740
005741
005742
005743
005744
005745
005746
005747
005748
005749
005750
005751
005752
005753
005754
005755
005756
005757
005758
005759
005760
005761
005762
005763
005766
005767
005768
005769
005771
005772
005774
005775
005776
005778
005779
005780
005781
005782
005783
005784
005785
005786
005789
005790
005791
005792
005793
005794
005795
005796
005797
005798
005799
005800
005801
005802
005803
005804
005805
005806
005807
005809
005810
005812
005813
005814
005816
005817
005818
005820
005822
005823
005824
005826
005827
005828
005833
005834
005835
005836
005838
005840
005841
005842
005843
005844
005847
005849
005850
005851
005853
005854
005855
005856
005857
005858
005859
005861
005862
005863
005864
005865
005866
005867
005868
005869
005870
005871
005872
005873
005874
005875
005876
005878
005879
005880
005881
005882
005883
005885
005886
005887
005889
005890
005891
005892
005894
005895
005896
005897
005900
005901
005902
005903
005904
005908
005909
005910
005911
005913
005915
005917
005918
005920
005921
005922
005923
005925
005926
005928
005929
005930
005931
005932
005933
005934
005935
005936
005937
005938
005939
005940
005941
005942
005943
005944
005945
005946
005947
005948
005950
005951
005952
005953
005954
005956
005957
005958
005959
005960
005961
005963
005964
005965
005967
005968
005970
005971
005972
005973
005974
005976
005977
005979
005980
005982
005983
005984
005985
005986
005987
005988
005989
005990
005991
005992
005994
005995
005996
005998
005999
006000
006001
006002
006003
006004
006005
006006
006007
006008
006009
006010
006011
006012
006013
006016
006017
006018
006019
006020
006021
006022
006023
006026
006027
006028
006029
006030
006033
006036
006038
006039
006041
006042
006043
006044
006045
006046
006047
006048
006049
006050
006051
006052
006053
006055
006056
006057
006058
006059
006060
006061
006062
006063
006065
006068
006069
006072
006073
006075
006076
006077
006078
006079
006080
006081
006082
006083
006085
006086
006087
006089
006090
006091
006092
006093
006094
006096
006097
006098
006099
006100
006101
006102
006103
006104
006107
006108
006109
006110
006111
006112
006113
006114
006115
006116
006117
006118
006120
006121
006122
006124
006125
006126
006127
006128
006129
006130
006131
006132
006133
006134
006135
006137
006138
006140
006141
006142
006143
006144
006145
006146
006147
006148
006149
006150
006152
006153
006154
006156
006157
006158
006159
006160
006161
006163
006164
006166
006167
006168
006169
006170
006171
006172
006173
006174
006175
006176
006178
006179
006181
006182
006183
006184
006186
006187
006188
006189
006190
006194
006195
006196
006198
006199
006200
006201
006202
006203
006204
006206
006208
006209
006210
006211
006212
006216
006218
006220
006221
006222
006223
006224
006225
006226
006227
006230
006231
006232
006233
006235
006236
006238
006239
006240
006241
006242
006243
006244
006246
006247
006248
006249
006250
006251
006252
006255
006256
006257
006258
006259
006260
006261
006262
006263
006267
006269
006270
006271
006272
006273
006274
006275
006276
006280
006282
006283
006284
006285
006287
006290
006292
006293
006294
006296
006297
006298
006299
006300
006301
006302
006303
006305
006306
006307
006308
006309
006310
006311
006312
006313
006314
006315
006316
006317
006318
006319
006320
006321
006322
006323
006324
006325
006326
006327
006328
006329
006331
006334
006335
006336
006337
006338
006339
006341
006342
006343
006344
006346
006347
006348
006349
006350
006351
006352
006353
006354
006355
006356
006357
006358
006359
006360
006361
006362
006363
006365
006366
006367
006368
006369
006370
006371
006372
006373
006375
006378
006379
006380
006381
006382
006387
006388
006389
006391
006392
006393
006394
006395
006396
006398
006399
006400
006401
006403
006404
006405
006408
006409
006412
006414
006415
006416
006417
006418
006419
006420
006421
006423
006424
006425
006426
006427
006428
006429
006430
006432
006433
006434
006435
006436
006437
006438
006439
006441
006442
006445
006446
006447
006449
006450
006452
006453
006455
006456
006457
006458
006459
006460
006462
006463
006464
006465
006467
006468
006469
006471
006472
006473
006475
006476
006477
006478
006480
006481
006482
006484
006485
006486
006487
006489
006490
006491
006493
006494
006496
006498
006499
006500
006502
006503
006506
006510
006511
006512
006513
006514
006515
006516
006518
006519
006520
006521
006522
006524
006525
006526
006527
006528
006530
006531
006532
006533
006535
006536
006537
006538
006540
006541
006544
006545
006546
006547
006549
006550
006551
006553
006554
006555
006556
006557
006558
006559
006560
006561
006562
006563
006564
006566
006567
006568
006569
006570
006572
006573
006574
006575
006576
006577
006578
006579
006580
006581
006583
006586
006587
006589
006590
006592
006593
006594
006597
006598
006599
006600
006601
006603
006604
006605
006606
006608
006609
006610
006611
006612
006613
006615
006616
006617
006619
006620
006621
006622
006624
006625
006627
006628
006629
006630
006631
006632
006633
006634
006635
006636
006637
006640
006642
006643
006644
006645
006647
006648
006649
006650
006651
006652
006653
006655
006656
006657
006658
006659
006660
006662
006663
006665
006666
006667
006669
006670
006671
006672
006674
006675
006676
006677
006678
006681
006682
006683
006684
006685
006686
006687
006690
006692
006693
006694
006695
006696
006697
006698
006699
006701
006702
006703
006704
006706
006707
006708
006710
006712
006713
006714
006715
006716
006717
006718
006719
006720
006721
006722
006723
006725
006726
006727
006728
006729
006730
006731
006732
006733
006734
006737
006738
006739
006741
006742
006743
006745
006746
006747
006748
006749
006750
006751
006752
006753
006755
006756
006757
006758
006759
006761
006762
006763
006764
006766
006767
006768
006769
006770
006771
006772
006774
006776
006777
006778
006780
006781
006782
006783
006784
006785
006786
006787
006790
006791
006792
006794
006795
006796
006797
006799
006800
006803
006804
006805
006806
006807
006809
006810
006811
006812
006813
006814
006815
006816
006817
006819
006820
006821
006822
006823
006824
006827
006828
006829
006830
006831
006832
006833
006834
006835
006837
006838
006839
006843
006844
006845
006846
006847
006848
006849
006850
006851
006852
006853
006854
006855
006856
006857
006858
006859
006861
006862
006863
006864
006865
006866
006867
006868
006869
006870
006871
006872
006873
006874
006876
006877
006878
006879
006881
006882
006883
006885
006886
006887
006889
006890
006891
006892
006894
006898
006899
006901
006902
006903
006904
006905
006906
006907
006908
006909
006910
006911
006913
006914
006916
006917
006919
006921
006922
006925
006926
006928
006930
006931
006932
006933
006934
006935
006936
006937
006938
006939
006940
006941
006942
006943
006944
006945
006946
006947
006950
006951
006952
006953
006954
006955
006957
006958
006959
006961
006962
006963
006964
006966
006967
006968
006969
006971
006973
006974
006975
006976
006978
006979
006980
006982
006985
006986
006987
006988
006989
006992
006994
006995
006996
006997
006998
006999
007000
007001
007003
007004
007005
007006
007008
007009
007010
007011
007012
007013
007015
007016
007017
007019
007021
007022
007023
007024
007025
007026
007027
007028
007029
007030
007031
007033
007034
007035
007036
007038
007039
007040
007041
007042
007043
007044
007045
007046
007048
007049
007050
007051
007052
007053
007054
007055
007056
007057
007058
007059
007060
007061
007062
007063
007064
007066
007067
007068
007069
007070
007071
007073
007075
007076
007078
007080
007081
007082
007083
007084
007087
007089
007091
007094
007095
007096
007097
007098
007099
007100
007101
007103
007104
007105
007106
007107
007108
007109
007110
007111
007112
007113
007114
007115
007116
007117
007118
007119
007121
007122
007123
007125
007126
007127
007129
007130
007132
007133
007134
007135
007136
007137
007138
007139
007140
007141
007142
007143
007144
007145
007146
007147
007148
007149
007150
007151
007152
007154
007155
007157
007158
007160
007161
007163
007164
007166
007167
007168
007169
007170
007171
007172
007173
007175
007176
007177
007179
007180
007182
007183
007184
007185
007186
007187
007189
007190
007192
007193
007194
007195
007196
007197
007198
007200
007201
007202
007203
007205
007206
007207
007208
007209
007210
007211
007212
007214
007215
007216
007217
007219
007221
007222
007223
007224
007226
007227
007228
007229
007230
007231
007232
007233
007234
007235
007236
007237
007239
007240
007241
007242
007243
007244
007247
007248
007251
007252
007253
007254
007255
007256
007258
007259
007261
007262
007264
007265
007266
007268
007269
007270
007271
007272
007273
007274
007275
007276
007279
007280
007281
007282
007283
007284
007285
007286
007287
007288
007289
007290
007292
007293
007294
007295
007296
007299
007300
007302
007303
007304
007305
007306
007307
007309
007311
007312
007314
007315
007316
007317
007319
007320
007321
007322
007323
007324
007325
007326
007327
007329
007330
007331
007333
007334
007335
007336
007337
007339
007340
007341
007342
007343
007344
007345
007346
007347
007348
007349
007352
007353
007354
007355
007356
007357
007358
007359
007360
007361
007363
007366
007368
007371
007372
007373
007375
007376
007377
007378
007379
007380
007381
007382
007383
007384
007385
007388
007389
007390
007392
007393
007394
007395
007396
007397
007398
007399
007401
007403
007404
007405
007406
007407
007409
007410
007411
007412
007413
007416
007417
007418
007419
007420
007422
007423
007424
007425
007426
007428
007429
007430
007431
007432
007433
007434
007435
007436
007438
007439
007441
007443
007444
007445
007446
007447
007448
007450
007451
007452
007453
007454
007455
007456
007457
007458
007459
007460
007461
007462
007463
007464
007465
007466
007467
007469
007470
007471
007472
007474
007475
007477
007478
007479
007480
007481
007482
007483
007484
007485
007486
007487
007488
007489
007490
007491
007492
007493
007494
007495
007497
007499
007501
007502
007503
007504
007505
007507
007508
007510
007512
007513
007514
007515
007517
007518
007519
007520
007521
007523
007524
007525
007527
007529
007531
007532
007533
007534
007535
007536
007537
007538
007539
007540
007541
007542
007543
007545
007546
007547
007548
007549
007551
007552
007553
007554
007555
007556
007557
007559
007561
007563
007564
007565
007566
007567
007568
007571
007572
007573
007574
007575
007576
007577
007579
007580
007581
007582
007584
007585
007586
007587
007588
007589
007590
007591
007592
007594
007595
007596
007597
007598
007599
007600
007601
007602
007603
007604
007605
007606
007607
007610
007612
007613
007615
007616
007618
007619
007620
007621
007622
007623
007624
007625
007626
007627
007628
007629
007630
007631
007632
007633
007634
007635
007636
007637
007638
007639
007640
007642
007643
007644
007645
007646
007647
007648
007649
007650
007651
007652
007654
007655
007656
007657
007658
007659
007660
007661
007662
007664
007665
007667
007668
007669
007670
007671
007672
007673
007674
007675
007676
007677
007678
007679
007680
007684
007685
007687
007688
007690
007691
007692
007693
007694
007695
007696
007697
007698
007699
007700
007701
007702
007703
007704
007705
007706
007707
007708
007711
007713
007714
007715
007716
007717
007718
007720
007721
007723
007724
007725
007726
007727
007728
007729
007730
007731
007732
007733
007734
007735
007736
007738
007739
007740
007741
007742
007743
007744
007745
007746
007747
007748
007749
007751
007752
007754
007755
007756
007757
007758
007759
007760
007761
007763
007765
007767
007768
007769
007770
007771
007772
007773
007774
007775
007776
007777
007778
007779
007780
007781
007782
007783
007784
007785
007786
007787
007788
007789
007790
007792
007793
007794
007795
007796
007797
007799
007800
007801
007802
007803
007804
007805
007806
007807
007808
007809
007810
007811
007812
007813
007814
007816
007818
007819
007820
007821
007822
007823
007824
007826
007827
007828
007829
007830
007831
007832
007833
007834
007835
007836
007837
007838
007839
007840
007841
007842
007843
007844
007847
007848
007849
007850
007852
007853
007854
007855
007856
007858
007861
007862
007863
007864
007865
007867
007869
007872
007873
007874
007875
007876
007877
007878
007879
007880
007881
007884
007885
007886
007888
007889
007890
007891
007892
007893
007894
007895
007896
007898
007900
007901
007902
007903
007904
007905
007906
007907
007908
007909
007910
007911
007912
007913
007914
007915
007916
007917
007918
007919
007920
007921
007922
007924
007926
007927
007928
007929
007930
007932
007933
007934
007935
007936
007937
007939
007940
007941
007942
007943
007944
007946
007947
007948
007949
007950
007951
007952
007953
007954
007955
007956
007957
007958
007960
007961
007963
007964
007965
007966
007967
007968
007969
007970
007971
007972
007974
007975
007976
007977
007978
007979
007981
007982
007983
007985
007987
007988
007989
007990
007991
007992
007995
007996
007997
007998
008000
008001
008003
008004
008005
008006
008009
008010
008011
008012
008013
008014
008015
008016
008018
008019
008020
008021
008022
008024
008025
008026
008027
008028
008029
008030
008031
008032
008033
008034
008035
008037
008038
008039
008040
008042
008043
008044
008045
008046
008047
008048
008051
008052
008053
008054
008055
008056
008057
008058
008060
008061
008064
008067
008069
008070
008073
008074
008075
008076
008077
008078
008079
008080
008082
008083
008084
008085
008086
008088
008090
008091
008092
008094
008095
008096
008097
008098
008100
008102
008103
008104
008105
008106
008107
008108
008109
008112
008113
008114
008115
008118
008119
008120
008121
008122
008124
008125
008126
008127
008128
008129
008130
008132
008133
008135
008136
008137
008138
008139
008140
008141
008142
008143
008144
008145
008146
008147
008148
008149
008150
008151
008152
008153
008154
008155
008156
008159
008160
008161
008162
008163
008164
008165
008166
008167
008168
008169
008170
008172
008173
008174
008175
008176
008177
008178
008179
008180
008182
008183
008184
008185
008187
008189
008190
008191
008192
008194
008195
008196
008197
008199
008200
008201
008202
008203
008204
008207
008208
008211
008212
008213
008214
008216
008217
008219
008220
008221
008222
008223
008226
008227
008229
008230
008231
008232
008233
008234
008235
008237
008239
008240
008242
008243
008244
008245
008246
008247
008248
008249
008250
008252
008253
008254
008255
008257
008262
008263
008264
008265
008266
008267
008268
008270
008271
008272
008273
008274
008275
008276
008277
008279
008280
008281
008282
008284
008285
008286
008287
008289
008290
008291
008292
008293
008296
008297
008298
008299
008300
008301
008302
008303
008304
008305
008306
008307
008308
008310
008311
008313
008314
008316
008317
008319
008321
008325
008326
008327
008328
008329
008332
008334
008335
008336
008338
008339
008340
008341
008342
008346
008347
008348
008349
008350
008352
008353
008354
008355
008358
008359
008362
008363
008364
008365
008366
008367
008368
008369
008370
008372
008373
008374
008375
008378
008379
008381
008385
008386
008387
008388
008389
008390
008392
008393
008394
008395
008397
008398
008399
008400
008401
008403
008404
008407
008409
008410
008411
008412
008413
008414
008415
008416
008418
008419
008421
008422
008423
008428
008429
008430
008431
008432
008433
008434
008435
008436
008437
008439
008440
008442
008443
008444
008445
008446
008447
008449
008450
008451
008452
008453
008454
008455
008457
008458
008459
008460
008461
008462
008464
008465
008466
008467
008468
008470
008471
008472
008473
008474
008475
008476
008478
008479
008480
008481
008482
008483
008485
008486
008487
008488
008489
008490
008491
008492
008495
008496
008497
008499
008500
008501
008502
008504
008505
008506
008507
008508
008509
008510
008511
008512
008513
008514
008515
008517
008518
008519
008522
008523
008524
008525
008526
008527
008528
008529
008530
008532
008533
008534
008536
008538
008539
008540
008541
008542
008543
008545
008546
008547
008548
008550
008551
008552
008553
008554
008556
008557
008558
008559
008560
008561
008562
008563
008564
008565
008566
008567
008568
008569
008570
008571
008573
008574
008575
008576
008577
008578
008579
008582
008584
008585
008586
008587
008589
008591
008594
008596
008597
008598
008599
008601
008602
008603
008604
008605
008606
008607
008608
008609
008610
008612
008613
008614
008616
008617
008618
008619
008622
008623
008625
008626
008628
008629
008630
008631
008632
008633
008634
008635
008636
008637
008638
008639
008641
008642
008643
008645
008647
008648
008649
008650
008651
008654
008655
008660
008661
008663
008664
008665
008666
008667
008668
008669
008670
008671
008672
008673
008674
008675
008678
008679
008680
008681
008682
008683
008684
008686
008687
008688
008689
008691
008692
008693
008694
008695
008696
008698
008700
008701
008703
008704
008705
008706
008708
008709
008710
008711
008712
008713
008715
008717
008719
008720
008721
008722
008723
008725
008726
008727
008728
008730
008731
008732
008733
008734
008735
008736
008737
008738
008739
008740
008741
008742
008744
008745
008746
008747
008748
008750
008751
008752
008755
008756
008759
008762
008763
008764
008765
008766
008767
008768
008770
008772
008773
008774
008776
008778
008779
008780
008781
008782
008783
008784
008785
008786
008789
008790
008791
008792
008795
008796
008798
008799
008800
008801
008803
008805
008808
008809
008811
008812
008813
008814
008817
008819
008820
008821
008823
008824
008826
008827
008829
008830
008831
008832
008833
008834
008836
008837
008838
008839
008842
008843
008844
008845
008846
008847
008848
008850
008851
008853
008854
008855
008857
008858
008859
008861
008862
008863
008864
008865
008866
008867
008868
008871
008872
008874
008875
008876
008877
008878
008879
008882
008883
008884
008886
008888
008890
008891
008892
008893
008894
008899
008900
008901
008902
008903
008904
008905
008906
008907
008908
008909
008910
008911
008912
008913
008915
008917
008918
008919
008921
008922
008923
008926
008927
008928
008930
008931
008932
008934
008936
008938
008939
008941
008942
008943
008945
008946
008947
008948
008949
008950
008952
008953
008954
008955
008956
008957
008958
008959
008961
008963
008964
008965
008966
008967
008968
008969
008970
008971
008973
008974
008975
008976
008977
008979
008980
008981
008982
008984
008985
008986
008987
008988
008992
008993
008994
008995
008997
008998
009000
009001
009002
009003
009005
009006
009007
009008
009009
009010
009012
009013
009016
009017
009018
009019
009020
009021
009022
009024
009025
009026
009027
009029
009031
009032
009034
009035
009036
009037
009038
009039
009040
009041
009042
009043
009044
009045
009046
009047
009048
009050
009051
009052
009053
009054
009055
009056
009060
009061
009062
009063
009064
009066
009067
009068
009069
009070
009071
009072
009073
009074
009075
009076
009077
009078
009079
009080
009082
009084
009086
009088
009089
009090
009091
009092
009093
009096
009097
009098
009099
009100
009102
009103
009104
009105
009106
009107
009108
009109
009110
009111
009112
009114
009117
009118
009119
009120
009121
009122
009125
009126
009129
009131
009132
009133
009134
009135
009137
009138
009139
009140
009141
009142
009144
009145
009146
009147
009148
009149
009150
009151
009153
009154
009155
009156
009157
009158
009159
009160
009161
009162
009163
009165
009168
009169
009171
009173
009174
009175
009176
009177
009178
009180
009182
009183
009184
009185
009190
009191
009193
009194
009195
009196
009198
009199
009200
009201
009202
009203
009204
009205
009206
009207
009208
009209
009210
009211
009212
009213
009215
009216
009217
009218
009219
009221
009222
009223
009224
009226
009227
009230
009231
009233
009234
009235
009236
009237
009238
009239
009240
009242
009243
009244
009245
009246
009248
009249
009250
009251
009253
009254
009256
009257
009258
009259
009260
009261
009262
009264
009265
009266
009267
009268
009269
009270
009274
009275
009276
009277
009278
009279
009280
009281
009282
009283
009284
009285
009286
009287
009288
009291
009292
009293
009294
009295
009296
009297
009298
009300
009301
009302
009303
009304
009305
009307
009308
009309
009310
009311
009312
009313
009314
009315
009316
009318
009319
009320
009321
009322
009323
009324
009326
009328
009329
009331
009332
009333
009334
009335
009336
009337
009339
009340
009341
009342
009344
009345
009346
009349
009350
009352
009353
009354
009355
009356
009357
009360
009361
009363
009364
009365
009366
009367
009368
009369
009370
009372
009373
009374
009375
009376
009377
009378
009379
009382
009383
009384
009385
009386
009387
009388
009390
009391
009392
009393
009395
009396
009397
009398
009399
009401
009402
009403
009404
009406
009407
009408
009409
009412
009413
009414
009415
009416
009417
009418
009420
009421
009422
009423
009424
009425
009426
009427
009428
009429
009431
009432
009433
009435
009436
009437
009438
009439
009440
009441
009442
009444
009445
009446
009447
009448
009449
009450
009451
009452
009454
009455
009456
009457
009458
009459
009460
009462
009463
009464
009467
009468
009469
009470
009471
009473
009475
009477
009478
009479
009480
009481
009483
009484
009489
009490
009491
009493
009495
009496
009497
009499
009504
009505
009507
009508
009509
009511
009512
009513
009514
009515
009516
009517
009518
009520
009521
009522
009523
009524
009527
009529
009530
009531
009532
009533
009534
009535
009536
009537
009538
009539
009540
009541
009542
009543
009544
009545
009546
009549
009550
009551
009552
009553
009556
009557
009558
009559
009560
009561
009562
009563
009565
009566
009567
009568
009569
009571
009572
009574
009576
009577
009578
009579
009580
009581
009582
009583
009584
009585
009586
009587
009588
009589
009591
009592
009593
009594
009595
009597
009598
009599
009600
009601
009603
009604
009605
009606
009607
009608
009609
009610
009611
009612
009613
009615
009616
009617
009618
009619
009620
009621
009622
009623
009625
009628
009629
009630
009631
009633
009635
009636
009637
009638
009639
009641
009642
009643
009644
009646
009647
009648
009649
009651
009653
009654
009657
009658
009659
009660
009661
009662
009663
009664
009665
009666
009667
009668
009669
009670
009671
009672
009675
009679
009680
009681
009682
009683
009684
009686
009687
009688
009691
009692
009693
009694
009695
009696
009697
009698
009700
009701
009702
009703
009704
009705
009706
009707
009708
009709
009710
009711
009712
009713
009714
009715
009716
009717
009719
009720
009721
009722
009723
009726
009727
009728
009730
009731
009732
009733
009734
009735
009736
009737
009739
009740
009743
009744
009745
009747
009749
009750
009751
009752
009753
009755
009756
009757
009758
009759
009760
009761
009762
009765
009766
009767
009769
009770
009771
009772
009773
009775
009776
009777
009778
009779
009780
009781
009782
009783
009785
009786
009788
009790
009791
009792
009793
009795
009796
009797
009798
009799
009801
009802
009803
009804
009805
009806
009807
009808
009809
009810
009811
009812
009813
009814
009815
009816
009817
009818
009820
009821
009822
009823
009825
009826
009827
009829
009830
009831
009832
009834
009835
009836
009838
009839
009840
009843
009845
009847
009849
009850
009851
009852
009853
009855
009856
009857
009858
009859
009862
009863
009864
009865
009866
009867
009868
009869
009870
009871
009872
009874
009875
009876
009877
009878
009879
009880
009881
009882
009883
009884
009885
009887
009888
009889
009890
009891
009892
009893
009894
009896
009897
009898
009899
009900
009901
009902
009903
009904
009905
009906
009907
009908
009909
009910
009911
009912
009913
009914
009916
009917
009918
009919
009920
009921
009923
009924
009925
009927
009928
009929
009931
009932
009933
009934
009935
009936
009937
009939
009940
009941
009942
009945
009946
009947
009948
009949
009950
009951
009953
009954
009955
009957
009958
009959
009960
009961
009962
009963
009964
009965
009966
009967
009968
009970
009971
009972
009973
009974
009975
009977
009978
009979
009980
009981
009982
009983
009984
009986
009987
009988
009989
009990
009991
009992
009993
009994
009995
009997
009998
009999
010000
010002
010003
010004
010005
010006
010007
010009
010010
010011
010012
010013
010014
010018
010019
010020
010021
010023
010024
010025
010026
010027
010030
010031
010032
010033
010035
010036
010037
010038
010039
010040
010041
010042
010043
010044
010045
010046
010047
010048
010049
010050
010051
010052
010053
010055
010056
010057
010058
010059
010060
010061
010062
010063
010064
010065
010066
010067
010068
010069
010070
010072
010074
010076
010080
010082
010083
010085
010086
010087
010088
010090
010091
010092
010093
010094
010095
010097
010100
010101
010102
010103
010104
010105
010106
010107
010108
010109
010111
010112
010113
010114
010115
010116
010120
010121
010123
010124
010125
010127
010128
010129
010130
010131
010132
010133
010134
010135
010137
010139
010140
010142
010143
010144
010145
010146
010147
010148
010150
010151
010152
010153
010154
010155
010156
010157
010158
010159
010162
010165
010166
010167
010169
010171
010173
010174
010175
010177
010179
010181
010182
010183
010185
010186
010188
010189
010190
010191
010192
010193
010194
010195
010196
010197
010198
010200
010201
010202
010204
010205
010207
010208
010209
010210
010211
010212
010213
010214
010216
010217
010218
010219
010220
010222
010223
010224
010225
010226
010227
010228
010229
010230
010231
010233
010234
010235
010237
010238
010239
010240
010241
010242
010243
010244
010245
010246
010247
010248
010251
010252
010254
010255
010256
010258
010260
010261
010262
010263
010264
010265
010266
010267
010268
010269
010270
010271
010273
010274
010275
010276
010278
010279
010280
010281
010283
010285
010286
010288
010289
010290
010291
010292
010293
010294
010295
010296
010297
010299
010300
010301
010302
010303
010304
010305
010307
010309
010310
010312
010313
010314
010315
010316
010317
010318
010319
010320
010322
010323
010325
010326
010327
010328
010329
010330
010331
010333
010335
010336
010338
010339
010342
010344
010345
010346
010347
010348
010349
010350
010351
010352
010353
010354
010355
010356
010357
010358
010360
010362
010363
010364
010365
010366
010367
010368
010369
010370
010371
010372
010373
010375
010376
010377
010378
010380
010381
010383
010385
010386
010387
010388
010389
010390
010391
010392
010393
010396
010397
010398
010399
010400
010401
010402
010403
010404
010405
010406
010407
010408
010410
010412
010413
010414
010415
010416
010418
010419
010420
010422
010425
010426
010428
010429
010431
010432
010433
010434
010435
010437
010438
010440
010441
010442
010443
010445
010446
010447
010448
010449
010450
010451
010454
010456
010457
010459
010460
010461
010462
010463
010464
010465
010466
010469
010471
010472
010473
010474
010475
010476
010480
010481
010483
010484
010485
010486
010488
010489
010490
010491
010492
010493
010494
010496
010497
010498
010499
010500
010501
010502
010504
010505
010506
010507
010508
010509
010510
010514
010515
010516
010519
010520
010521
010522
010525
010526
010527
010528
010529
010530
010531
010532
010533
010534
010535
010536
010539
010541
010542
010543
010544
010546
010547
010548
010549
010550
010551
010552
010553
010554
010555
010556
010558
010559
010560
010561
010562
010564
010565
010566
010567
